#############################################################################################################################
Ordnung 1, mit cut, mesh.Curve(7):

[7, 9, 9, 8, 9]
[0.69816058 0.99790802 1.00007704 1.00142809]
[0.19431737260784582, 0.11976898064173418, 0.05997138878685553, 0.02998409328324792, 0.014977213697120394]
#############################################################################################################################
Ordnung 2, mit cut, mesh.Curve(7):

[8, 8, 9, 9, 9]
[1.6127254  1.98091677 1.9922094  1.99704287]
[0.0258955899645182, 0.008467341774456768, 0.002145021869091614, 0.0005391590965127975, 0.00013506633943651095]
#############################################################################################################################
Ordnung 3, mit cut, mesh.Curve(7):

[8, 9, 9, 9, 9]
[2.34773305 2.92288073 2.96201469 2.98939047]
[0.003068631145125756, 0.0006028463248146617, 7.949354147413698e-05, 1.0201794610127866e-05, 1.2846368475465434e-06]
#############################################################################################################################
Ordnung 4, mit cut, mesh.Curve(7):

[9, 9, 9, 9, 9]
[3.1510018  3.72595718 3.88454675 3.95319758]
[0.0004842345465359922, 5.45142084287568e-05, 4.119882559433352e-06, 2.789457466591681e-07, 1.8008962427797306e-08]
#############################################################################################################################
Ordnung 5, mit cut, mesh.Curve(7):

[9, 9, 9, 9, 9]
[3.72593955 4.68897214 4.76549376 4.90571556]
[9.62902524117076e-05, 7.277173992911012e-06, 2.8212494958712416e-07, 1.0372535498019409e-08, 3.460329022337061e-10]
#############################################################################################################################