%  Matlab mesh
% filename, Created by Gmsh
% ASCII
clear msh;
msh.nbNod = 222;
msh.POS = [
0.0187383297 0.0187383297 0;
0 0 0;
0.0265 0 0;
0.07863225 0 0;
0.05560139719 0.05560139719 0;
0.06923112999 0.007535512 0;
0.06975636 0.005749913 0;
0.06053713 0.02230748 0;
0.05994214509 0.0240836616 0;
0.06568687469999999 0.0263184618 0;
0.066136211 0.02559993534 0;
0.07482895894 0.01083009274 0;
0.07506735 0.003810523 0;
0.05857998552 0.02703244476 0;
0.05941521771 0.02535577684 0;
0.05428221313 0.04362538986 0;
0.05339099766 0.04525939271 0;
0.05577507888 0.05038618558 0;
0.06057009632 0.04525403228 0;
0.06486725115 0.0286634754 0;
0.06512210917 0.02770747717 0;
0.07883549989999999 0 0;
0.05574511658 0.05574511658 0;
0.07903874999 0 0;
0.05588883609 0.05588883609 0;
0.07924200000000001 0 0;
0.07914307242 0.003958364839 0;
0.07898170039000001 0.006417598242 0;
0.07794932217 0.01425474436 0;
0.07746833633 0.01667187541 0;
0.07542183741 0.02430722126 0;
0.07462946756 0.02664089216 0;
0.0716038641 0.03394379486 0;
0.07051366790999999 0.03615407586 0;
0.06656072883 0.04299958072 0;
0.06519135985000001 0.0450486533 0;
0.06037872103 0.05131963183 0;
0.05875360955 0.0531724358 0;
0.05603255555 0.05603255555 0;
0.116 0 0;
0.08202438662 0.08202438662 0;
0.05950079874 0.05383859958 0;
0.05893931662 0.05474552329 0;
0.07260983293000001 0.06709327244 0;
0.0759967652 0.06323121635999999 0;
0.06197029232 0.0512893579 0;
0.06114441559 0.05196441376 0;
0.06601910856 0.0456115902 0;
0.06558080729 0.04658404318 0;
0.08074607511 0.05704179518 0;
0.08359993223999999 0.05277069616 0;
0.06813473246 0.04276182405 0;
0.0674040337 0.04353890326 0;
0.07140781312 0.03660415387 0;
0.07110019217000001 0.03762549717 0;
0.08750072957 0.046014317 0;
0.08977268126 0.04140725471 0;
0.07313336845 0.03350262353 0;
0.0725103501 0.03436843005 0;
0.07557471021000001 0.02697041032 0;
0.07540303305 0.02802316848 0;
0.09275822228 0.03419952109 0;
0.09440939482000001 0.02933532366 0;
0.07688067222 0.02367018383 0;
0.07637599431 0.02460990347 0;
0.07844850305000001 0.01687519557 0;
0.07841570712 0.0179413556 0;
0.0964285961 0.02179956189 0;
0.09743073745 0.01676145708 0;
0.07931252638 0.01343274073 0;
0.07893482407999999 0.01443029462 0;
0.07998002025000001 0.006491241542 0;
0.08008666671 0.007552561154 0;
0.0984490499 0.009026606148000001 0;
0.09878501316 0.003900797329 0;
0.08038732122 0.002965459706 0;
0.08014305713 0.004003779425 0;
0 0 0;
0 0 0;
0 0 0;
0 0 0;
0 0 0;
0 0 0;
0 0 0;
0 0 0;
0 0 0;
0 0 0;
0 0 0;
0 0 0;
0 0 0;
0 0 0;
0 0 0;
0 0 0;
0 0 0;
0 0 0;
0.00936916485 0.00936916485 0;
0.01324999999996441 0 0;
0.02448280760088381 0.01014111098342317 0;
0.03953306249996746 0 0;
0.05256612499992547 0 0;
0.06559918749996747 0 0;
0.0776641565150645 0.01230079399331864 0;
0.07478371373555195 0.02429870161102271 0;
0.0700618477326298 0.03569829453002337 0;
0.06361482653786117 0.04621887692945745 0;
0.0463856303175 0.0463856303175 0;
0.037169863445 0.037169863445 0;
0.0279540965725 0.0279540965725 0;
0.06488412999498525 0.01492149600002508 0;
0.07048258497001163 0.01821501403998024 0;
0.05643109932499333 0.03532891731002575 0;
0.06271867373500543 0.036958753839979 0;
0.07786490407130277 0.01233258928407623 0;
0.07497701587505225 0.02436150929140185 0;
0.07024294472072072 0.03579056805143875 0;
0.06377925916228744 0.04633834422152641 0;
0.07806565181546603 0.0123643846028887 0;
0.07517031819670454 0.02442431702602792 0;
0.07042404187514668 0.03588284166491433 0;
0.06394369193958761 0.04645781162642987 0;
0.09149466666664048 0 0;
0.1037473333332981 0 0;
0.1152706163438779 0.0129878792611615 0;
0.1130916377977117 0.0258124284063159 0;
0.1094904662776999 0.03831237129559924 0;
0.1045123886280683 0.05033051383858111 0;
0.09822000706831663 0.06171572094288316 0;
0.09069245193766522 0.07232481705150921 0;
0.07336044292999497 0.07336044292999497 0;
0.06469649924238169 0.06469649924238169 0;
0.06577457477501444 0.06091939786501304 0;
0.06898352875998108 0.05726028712998389 0;
0.07316344120002109 0.05181291918001454 0;
0.07586733234998168 0.04776626010498815 0;
0.0793004608700216 0.04181990708501104 0;
0.08145302485498147 0.0374549391199912 0;
0.08408062766502883 0.03111134478501026 0;
0.08564503351998083 0.02650275374499381 0;
0.0874221516100285 0.0198704587450061 0;
0.08837163191499915 0.01509709890499984 0;
0.0892678583050352 0.008289583651002826 0;
0.08958616718996212 0.003433128517498074 0;
0.01757520310314214 0.007279887489145321 0;
0.05721475717449469 0.02218229705873062 0;
0.03901582557235207 0.02465103513867802 0;
0.06239049048440433 0.009454826324142396 0;
0.05108849686668751 0.01149728643849523 0;
0.04996793923493819 0.03808141105898345 0;
0.06839717986812988 0.0278992530887106 0;
0.05037031468311128 0.03043944842247799 0;
0.03963065430174503 0.01314003439636679 0;
0.05868362196782332 0.01817339697823658 0;
0.05395438718913113 0.01806297019176135 0;
0.05237764564282002 0.0240363383083529 0;
0.04755682323987509 0.01855791663660257 0;
0.03095667086972775 0.01760777068359736 0;
0.03372741968406603 0.007482298864612125 0;
0.06543104567748137 0.005447678450827984 0;
0.05106853898657016 0.04315664175876323 0;
0.0671269685045523 0.03213430299400527 0;
0.05777533999257001 0.01306057671570495 0;
0.04408504870862543 0.03132793801864571 0;
0.05705698447030695 0.006567920257837366 0;
0.05701700670550606 0.02527444352948094 0;
0.05457228909572166 0.02895614260980212 0;
0.04668113156935677 0.02580253530495144 0;
0.0456004571371164 0.006447923326218586 0;
0.0767280493090154 0.06840176010972353 0;
0.1036780100481876 0.006529469005979992 0;
0.1014442392622433 0.01229900560152494 0;
0.103979777222991 0.01857753528818914 0;
0.1023325656655795 0.02632509484722952 0;
0.09808675305023314 0.03122843695340286 0;
0.08174412350274213 0.06399259858710843 0;
0.0849545060305215 0.05810784325000389 0;
0.08952649001107126 0.05271177374065023 0;
0.09328519797808887 0.04600278805065228 0;
0.09659547312124471 0.03877703932735382 0;
0.06755355784697881 0.0518356680701347 0;
0.07374154016544622 0.04257469806967231 0;
0.08224800081913095 0.02203828539950758 0;
0.07866778429351938 0.03258526318063155 0;
0.08442093124758081 0.01111422644959405 0;
0.09115636981544568 0.02442527567625891 0;
0.07487035599423622 0.05745004475358211 0;
0.09356465266522117 0.01231802020393183 0;
0.08172856530612209 0.04718600918088293 0;
0.08718837620337644 0.03611460790513187 0;
0.08906419958970072 0.06241392267666807 0;
0.08090989085988354 0.07202080105966722 0;
0.1098736666666491 0.004039617882362869 0;
0.09691101499691981 0.05176667679955593 0;
0.1047963362623341 0.03232949738797946 0;
0.0996789922740941 0.04516968768872067 0;
0.1072242078652487 0.0105355207306474 0;
0.09702708027697837 0.02639132139539808 0;
0.07833932995174459 0.06042891372017263 0;
0.09752939008837878 0.01277124157451537 0;
0.08558892928179834 0.04967069902038328 0;
0.09157868821615528 0.03762460575812142 0;
0.08124711777186788 0.005325217442311667 0;
0.09405859387535066 0.00616492594822056 0;
0.0848612290034382 0.005562098807825771 0;
0.06121588529083652 0.05368489056182322 0;
0.07086873050103827 0.06215020860531966 0;
0.06393894827039881 0.056072952702712 0;
0.07985695705919971 0.01588453638168126 0;
0.09244922525206993 0.01838929425540602 0;
0.08340922984500207 0.01659112737000382 0;
0.06769945925013258 0.04523533247188782 0;
0.07837466875638402 0.05236827942120349 0;
0.07071093070462423 0.04724753336736717 0;
0.07710042167271025 0.02617206649814528 0;
0.08925802475650658 0.03029901664160631 0;
0.08053007564089446 0.02733627714424858 0;
0.07302467669285996 0.03601178529994025 0;
0.08453959471052769 0.04169031444891998 0;
0.07627302951372469 0.03761369563546005 0;
0.06985670097374921 0.01287552869500133 0;
0.06551001399124921 0.02026098134500133 0;
0.05850052062749969 0.04029177332250118 0;
0.06064925243249969 0.03199589782750119 0;
];
msh.MAX = max(msh.POS);
msh.MIN = min(msh.POS);
msh.LINES =[
 1 96 0
 96 2 0
 2 97 0
 97 3 0
 3 98 0
 98 1 0
 3 99 0
 99 100 0
 100 101 0
 101 4 0
 4 102 0
 102 103 0
 103 104 0
 104 105 0
 105 5 0
 5 106 0
 106 107 0
 107 108 0
 108 1 0
 6 7 0
 8 109 0
 109 6 0
 9 8 0
 10 9 0
 11 10 0
 12 110 0
 110 11 0
 13 12 0
 7 13 0
 14 15 0
 16 111 0
 111 14 0
 17 16 0
 18 17 0
 19 18 0
 20 112 0
 112 19 0
 21 20 0
 15 21 0
 4 22 0
 22 113 0
 113 114 0
 114 115 0
 115 116 0
 116 23 0
 23 5 0
 24 117 0
 117 118 0
 118 119 0
 119 120 0
 120 25 0
 24 26 0
 26 27 0
 27 28 0
 28 29 0
 29 30 0
 30 31 0
 31 32 0
 32 33 0
 33 34 0
 34 35 0
 35 36 0
 36 37 0
 37 38 0
 38 39 0
 39 25 0
 26 121 0
 121 122 0
 122 40 0
 40 123 0
 123 124 0
 124 125 0
 125 126 0
 126 127 0
 127 128 0
 128 41 0
 41 129 0
 129 130 0
 130 39 0
 42 38 0
 43 42 0
 44 131 0
 131 43 0
 45 44 0
 46 132 0
 132 45 0
 47 46 0
 37 47 0
 48 36 0
 49 48 0
 50 133 0
 133 49 0
 51 50 0
 52 134 0
 134 51 0
 53 52 0
 35 53 0
 54 34 0
 55 54 0
 56 135 0
 135 55 0
 57 56 0
 58 136 0
 136 57 0
 59 58 0
 33 59 0
 60 32 0
 61 60 0
 62 137 0
 137 61 0
 63 62 0
 64 138 0
 138 63 0
 65 64 0
 31 65 0
 66 30 0
 67 66 0
 68 139 0
 139 67 0
 69 68 0
 70 140 0
 140 69 0
 71 70 0
 29 71 0
 72 28 0
 73 72 0
 74 141 0
 141 73 0
 75 74 0
 76 142 0
 142 75 0
 77 76 0
 27 77 0
 72 77 0
 42 47 0
 66 71 0
 48 53 0
 60 65 0
 54 59 0
 6 12 0
 11 8 0
 14 20 0
 19 16 0
];
msh.TRIANGLES =[
 1 96 143 0
 97 3 143 0
 97 96 2 0
 98 1 143 0
 3 98 143 0
 96 97 143 0
 107 148 106 0
 106 159 17 0
 111 165 14 0
 8 152 109 0
 148 159 106 0
 145 162 107 0
 98 156 1 0
 151 155 145 0
 7 158 101 0
 108 145 107 0
 101 163 100 0
 146 163 158 0
 147 155 151 0
 98 157 156 0
 1 156 108 0
 16 159 148 0
 16 148 111 0
 109 146 6 0
 107 162 148 0
 156 157 151 0
 150 165 111 0
 145 156 151 0
 151 167 147 0
 99 157 3 0
 108 156 145 0
 148 162 150 0
 148 150 111 0
 112 160 104 0
 157 167 151 0
 146 158 6 0
 152 161 109 0
 155 166 145 0
 100 167 99 0
 99 167 157 0
 147 167 163 0
 164 165 154 0
 3 157 98 0
 144 154 153 0
 109 161 146 0
 154 165 150 0
 153 155 147 0
 144 164 154 0
 21 149 20 0
 149 160 20 0
 15 164 9 0
 162 166 150 0
 163 167 100 0
 6 158 7 0
 144 153 152 0
 10 149 21 0
 150 166 154 0
 154 155 153 0
 9 164 144 0
 14 165 164 0
 147 161 153 0
 153 161 152 0
 154 166 155 0
 145 166 162 0
 144 152 8 0
 9 144 8 0
 161 163 146 0
 11 149 10 0
 147 163 161 0
 17 159 16 0
 14 164 15 0
 13 4 102 0
 18 105 5 0
 102 12 13 0
 19 105 18 0
 20 160 112 0
 104 160 149 0
 101 4 13 0
 18 5 106 0
 13 7 101 0
 9 10 21 0
 15 9 21 0
 11 110 103 0
 103 149 11 0
 102 110 12 0
 18 106 17 0
 112 105 19 0
 158 163 101 0
 103 110 102 0
 104 149 103 0
 104 105 112 0
 22 102 4 0
 105 23 5 0
 22 113 102 0
 23 105 116 0
 113 103 102 0
 114 104 103 0
 113 114 103 0
 105 104 116 0
 104 114 115 0
 116 104 115 0
 24 26 27 0
 38 39 25 0
 33 34 119 0
 118 31 32 0
 27 28 24 0
 28 117 24 0
 37 38 25 0
 37 25 120 0
 28 29 117 0
 117 29 30 0
 118 30 31 0
 30 118 117 0
 33 119 32 0
 119 118 32 0
 34 35 119 0
 35 36 120 0
 35 120 119 0
 37 120 36 0
 40 191 122 0
 170 195 171 0
 173 193 178 0
 55 180 52 0
 73 183 70 0
 61 182 58 0
 67 181 64 0
 49 179 46 0
 128 190 174 0
 171 195 123 0
 125 194 178 0
 124 171 123 0
 178 193 125 0
 127 189 176 0
 69 171 68 0
 124 172 171 0
 174 189 128 0
 176 192 127 0
 50 175 174 0
 173 196 172 0
 56 177 176 0
 69 198 170 0
 174 197 50 0
 57 178 177 0
 68 196 184 0
 184 196 63 0
 176 199 56 0
 44 168 129 0
 122 169 75 0
 57 200 178 0
 171 172 68 0
 63 196 173 0
 41 190 128 0
 170 171 69 0
 123 191 40 0
 133 185 132 0
 141 186 140 0
 135 187 134 0
 139 184 138 0
 137 188 136 0
 126 194 125 0
 136 182 137 0
 134 180 135 0
 140 183 141 0
 132 179 133 0
 138 181 139 0
 50 197 185 0
 185 197 45 0
 187 199 51 0
 74 198 186 0
 186 198 69 0
 56 199 187 0
 62 200 188 0
 188 200 57 0
 124 193 172 0
 122 191 169 0
 128 189 127 0
 127 192 126 0
 125 193 124 0
 172 196 68 0
 172 193 173 0
 175 189 174 0
 177 192 176 0
 45 168 44 0
 75 169 74 0
 51 199 176 0
 178 200 62 0
 45 197 174 0
 170 198 74 0
 168 190 129 0
 51 175 50 0
 57 177 56 0
 63 173 62 0
 178 194 177 0
 45 174 168 0
 169 170 74 0
 51 176 175 0
 173 178 62 0
 123 195 191 0
 76 27 26 0
 43 39 38 0
 177 194 192 0
 191 195 169 0
 169 195 170 0
 192 194 126 0
 77 27 76 0
 43 38 42 0
 59 33 58 0
 47 37 46 0
 65 31 64 0
 29 70 71 0
 53 35 52 0
 60 61 32 0
 49 36 48 0
 54 55 34 0
 73 28 72 0
 67 30 66 0
 76 26 142 0
 73 70 28 0
 64 30 67 0
 32 61 58 0
 34 55 52 0
 46 37 36 0
 46 36 49 0
 131 39 43 0
 129 190 41 0
 44 129 130 0
 132 185 45 0
 46 179 132 0
 133 179 49 0
 134 187 51 0
 52 180 134 0
 135 180 55 0
 136 188 57 0
 58 182 136 0
 137 182 61 0
 138 184 63 0
 64 181 138 0
 139 181 67 0
 140 186 69 0
 70 183 140 0
 141 183 73 0
 26 121 142 0
 28 70 29 0
 31 30 64 0
 33 32 58 0
 35 34 52 0
 130 39 131 0
 44 130 131 0
 50 185 133 0
 56 187 135 0
 62 188 137 0
 68 184 139 0
 74 186 141 0
 121 122 75 0
 142 121 75 0
 174 190 168 0
 176 189 175 0
 72 28 27 0
 77 72 27 0
 42 38 37 0
 47 42 37 0
 77 76 201 0
 73 72 201 0
 142 141 203 0
 141 142 202 0
 75 74 202 0
 72 77 201 0
 141 73 203 0
 74 141 202 0
 142 75 202 0
 73 201 203 0
 76 142 203 0
 201 76 203 0
 43 42 204 0
 47 46 204 0
 132 131 206 0
 131 132 205 0
 45 44 205 0
 42 47 204 0
 131 43 206 0
 44 131 205 0
 132 45 205 0
 43 204 206 0
 46 132 206 0
 204 46 206 0
 66 30 29 0
 71 66 29 0
 48 36 35 0
 53 48 35 0
 67 66 207 0
 71 70 207 0
 140 139 209 0
 139 140 208 0
 69 68 208 0
 66 71 207 0
 139 67 209 0
 68 139 208 0
 140 69 208 0
 67 207 209 0
 70 140 209 0
 207 70 209 0
 53 52 210 0
 49 48 210 0
 134 133 212 0
 133 134 211 0
 51 50 211 0
 48 53 210 0
 133 49 212 0
 50 133 211 0
 134 51 211 0
 49 210 212 0
 52 134 212 0
 210 52 212 0
 60 32 31 0
 65 60 31 0
 54 34 33 0
 59 54 33 0
 65 64 213 0
 61 60 213 0
 138 137 215 0
 137 138 214 0
 63 62 214 0
 60 65 213 0
 137 61 215 0
 62 137 214 0
 138 63 214 0
 61 213 215 0
 64 138 215 0
 213 64 215 0
 59 58 216 0
 55 54 216 0
 136 135 218 0
 135 136 217 0
 57 56 217 0
 54 59 216 0
 135 55 218 0
 56 135 217 0
 136 57 217 0
 55 216 218 0
 58 136 218 0
 216 58 218 0
 8 109 220 0
 109 6 219 0
 12 110 219 0
 110 11 220 0
 109 110 220 0
 110 109 219 0
 6 12 219 0
 11 8 220 0
 7 12 6 0
 13 12 7 0
 11 9 8 0
 10 9 11 0
 111 14 222 0
 16 111 221 0
 112 19 221 0
 20 112 222 0
 112 111 222 0
 111 112 221 0
 19 16 221 0
 14 20 222 0
 15 20 14 0
 21 20 15 0
 19 17 16 0
 18 17 19 0
];
msh.PNT =[
 1 0
 2 0
 3 0
 4 0
 5 0
 6 0
 7 0
 8 0
 9 0
 10 0
 11 0
 12 0
 13 0
 14 0
 15 0
 16 0
 17 0
 18 0
 19 0
 20 0
 21 0
 22 0
 23 0
 24 0
 25 0
 26 0
 27 0
 28 0
 29 0
 30 0
 31 0
 32 0
 33 0
 34 0
 35 0
 36 0
 37 0
 38 0
 39 0
 40 0
 41 0
 42 0
 43 0
 44 0
 45 0
 46 0
 47 0
 48 0
 49 0
 50 0
 51 0
 52 0
 53 0
 54 0
 55 0
 56 0
 57 0
 58 0
 59 0
 60 0
 61 0
 62 0
 63 0
 64 0
 65 0
 66 0
 67 0
 68 0
 69 0
 70 0
 71 0
 72 0
 73 0
 74 0
 75 0
 76 0
 77 0
 78 0
 79 0
 80 0
 81 0
 82 0
 83 0
 84 0
 85 0
 86 0
 87 0
 88 0
 89 0
 90 0
 91 0
 92 0
 93 0
 94 0
 95 0
];
